67	01	111
68	10	000
69	01	101
70	01	101
71	01	101
72	01	110
73	01	101
74	01	111
75	01	000
76	01	000
77	01	011
78	10	000
79	10	001
80	01	101
81	01	101
66	10	010
82	10	101
83	01	101
84	10	111
85	01	101
86	01	101
87	10	000
88	01	101
89	10	001
90	01	011
91	01	101
92	01	000
93	01	101
94	10	000
95	10	101
96	10	000
97	01	101
98	10	000
99	01	101
100	01	101
101	01	001
102	10	111
103	10	101
104	01	101
105	01	000
106	01	111
107	01	000
108	01	101
109	10	111
110	01	101
111	10	101
112	01	001
113	10	111
114	10	011
115	10	101
116	01	100
117	10	000
118	10	111
119	10	000
120	01	000
121	01	101
122	10	111
123	01	110
124	01	111
125	10	111
126	10	100
127	10	100
128	10	100
129	01	100
130	01	101
131	01	101
132	10	101
133	01	101
134	10	101
135	01	101
136	01	101
137	01	110
138	01	101
139	01	011
140	01	100
141	01	100
142	01	100
143	00	101
144	10	000
145	01	100
146	10	111
147	10	111
148	01	101
149	10	101
150	10	101
151	01	101
152	10	000
153	01	101
154	10	000
155	01	000
156	10	000
157	01	011
158	01	110
159	01	101
160	10	111
161	01	101
162	10	000
163	01	000
164	01	000
165	10	000
166	01	111
167	01	110
168	01	101
169	01	101
170	10	101
171	01	101
172	01	000
173	01	110
174	01	101
175	01	101
176	10	000
177	10	001
178	01	000
179	01	101
180	10	101
181	01	101
182	10	101
183	10	100
184	01	101
185	01	111
186	01	101
187	01	101
188	10	100
189	01	101
190	01	101
191	01	000
192	10	101
193	01	111
194	10	101
195	10	101
196	01	000
197	10	000
198	01	101
199	10	101
200	01	100
201	10	111
202	01	000
203	01	101
65	01	010
204	01	101
205	10	001
206	01	101
207	10	100
208	01	101
209	10	001
210	01	001
64	01	010
211	10	101
212	00	101
213	10	101
214	10	111
215	01	000
216	01	111
217	01	101
218	10	000
219	10	101
220	01	101
221	01	111
222	01	100
223	01	101
224	01	111
225	01	101
226	10	001
63	01	010
227	01	000
228	01	100
229	01	000
230	10	111
231	01	100
232	01	101
233	01	101
234	01	111
235	01	101
236	01	101
237	01	000
238	01	001
239	01	101
240	10	101
241	10	101
242	10	101
243	01	111
244	01	000
245	10	110
246	10	101
247	01	000
248	01	000
249	10	000
62	01	010
250	01	101
251	01	000
252	10	000
253	01	000
254	01	101
255	01	001
256	10	111
257	00	000
258	01	110
259	01	111
260	10	111
261	01	101
262	01	101
263	00	101
264	01	011
265	10	101
266	01	110
267	10	101
268	01	111
269	10	101
270	01	111
271	01	101
272	10	101
273	01	101
274	01	101
275	10	111
276	01	001
61	01	010
277	01	000
278	10	000
279	01	100
280	01	101
281	01	101
282	01	101
283	10	101
284	10	100
285	01	101
286	01	101
287	01	101
288	10	101
289	10	000
290	10	101
291	01	000
292	10	000
293	01	101
294	10	111
295	10	101
296	10	000
297	10	100
298	00	101
299	01	000
300	10	101
301	10	110
302	01	000
303	01	000
304	10	000
305	01	000
60	10	010
306	10	000
307	01	111
308	01	101
309	01	111
310	10	101
311	10	000
312	10	111
313	10	100
314	01	110
315	01	111
316	10	111
317	10	101
318	01	101
319	01	000
320	01	000
321	01	111
322	01	000
323	01	111
324	10	000
325	01	101
326	01	110
327	01	001
328	01	100
329	10	111
330	10	000
331	01	101
332	00	111
333	10	111
334	01	101
335	01	000
336	01	101
337	01	000
338	10	001
339	10	101
340	01	000
341	01	101
342	01	100
343	01	111
344	01	000
345	01	101
346	01	000
347	10	000
348	01	101
349	01	101
350	01	101
351	01	111
352	10	000
353	01	101
354	01	000
355	01	101
356	10	101
357	01	101
358	10	100
359	01	110
360	10	101
361	10	101
362	10	110
363	10	000
364	10	000
365	01	000
366	01	000
367	01	110
368	01	101
369	10	110
370	10	000
371	01	000
372	01	000
373	01	101
374	01	101
375	10	000
376	10	000
377	01	110
378	01	101
379	10	101
380	01	111
381	01	000
382	10	000
383	01	111
384	01	000
385	01	000
386	01	101
387	10	000
388	01	101
389	01	000
390	10	111
391	01	110
392	01	101
393	10	001
394	10	101
395	01	111
396	10	111
397	10	000
398	10	101
399	01	111
400	10	101
401	10	101
402	01	101
403	01	000
404	01	101
405	10	100
406	01	111
407	01	100
408	01	111
409	01	101
410	01	011
411	01	111
412	01	111
413	10	000
414	01	111
415	01	111
416	10	100
417	01	001
418	00	000
419	01	110
420	10	000
421	01	101
422	10	111
423	01	111
424	01	110
425	01	111
426	01	000
427	01	111
428	01	111
429	01	111
430	10	111
431	10	000
432	01	000
433	10	111
434	01	111
435	01	100
436	01	111
437	01	000
438	01	111
439	10	111
440	01	001
441	10	000
442	01	101
443	01	111
444	01	000
445	10	100
446	10	110
447	01	111
448	01	111
449	01	000
450	10	100
59	01	010
451	10	110
58	10	010
452	01	110
453	01	111
454	01	101
455	01	111
456	01	111
457	10	111
458	01	111
459	01	000
460	01	111
461	01	111
57	01	010
462	01	111
463	01	101
464	01	111
465	01	111
466	01	000
467	10	000
468	10	101
469	10	000
470	01	000
471	01	111
472	01	111
473	10	111
474	10	000
475	01	101
476	01	111
477	01	111
478	01	111
479	01	101
480	10	111
481	01	000
482	01	000
56	01	010
483	01	111
484	01	111
55	10	010
485	01	000
486	01	000
487	01	111
488	01	111
489	01	111
490	01	111
491	01	000
492	01	101
493	01	111
494	01	111
495	01	110
496	01	110
497	10	000
498	01	101
499	01	111
54	01	010
500	10	100
501	00	000
502	01	000
53	01	010
503	01	111
504	01	111
505	01	111
506	10	100
507	01	111
508	01	111
509	01	111
510	01	101
511	01	111
512	01	000
513	01	111
514	10	100
515	01	111
516	10	000
517	01	000
518	01	000
519	01	101
520	01	100
521	10	000
522	01	110
523	01	001
524	01	111
525	10	000
526	10	110
527	01	111
528	01	111
529	01	000
530	01	111
531	01	111
532	01	111
533	01	111
534	01	111
535	01	100
536	01	111
537	01	101
538	01	110
539	01	101
540	01	110
541	01	111
542	01	111
543	01	110
544	01	110
545	10	000
546	01	111
547	01	101
548	01	001
549	01	111
550	10	111
551	10	101
552	10	000
553	01	000
554	01	110
555	01	101
556	10	111
557	01	101
558	01	000
559	01	100
52	01	010
560	01	111
561	01	000
562	01	111
563	01	011
564	01	111
565	01	000
566	01	111
567	01	111
568	01	111
569	01	110
570	01	111
571	01	111
572	01	111
573	10	000
574	01	101
575	01	111
576	10	111
577	01	111
578	01	000
579	00	000
51	10	010
580	01	000
581	01	111
582	01	110
583	01	111
584	01	111
585	01	111
586	01	111
587	01	000
588	10	111
589	01	111
590	01	110
591	01	111
592	01	111
593	10	110
594	01	111
595	01	111
596	01	111
597	01	111
598	10	111
599	10	111
600	01	110
601	01	101
602	01	111
603	01	000
604	10	111
605	01	000
606	10	111
607	01	111
608	01	111
609	01	111
610	01	111
611	10	110
612	01	101
613	01	101
614	01	110
50	10	010
615	10	000
616	10	111
617	10	111
618	01	000
619	01	111
620	01	111
621	10	101
622	10	101
623	01	101
624	10	101
625	01	111
626	10	101
627	10	111
628	01	101
629	01	111
630	10	111
631	01	000
632	01	111
633	01	101
634	10	101
635	01	111
636	10	000
637	10	110
638	01	111
639	01	101
640	10	111
641	10	111
642	01	111
643	01	101
644	01	110
645	10	101
646	01	111
647	01	001
648	01	101
649	10	101
650	01	100
651	00	111
652	00	000
653	01	111
654	01	111
655	01	101
656	01	111
657	00	000
658	01	101
49	01	010
48	01	010
659	01	101
660	10	111
661	10	000
662	01	110
663	10	000
664	10	101
665	01	111
666	01	101
667	01	111
668	01	000
669	10	101
670	01	101
671	10	000
672	10	000
673	01	101
674	01	111
675	01	111
676	01	110
677	10	111
678	01	101
679	01	101
680	01	110
681	01	101
682	01	111
683	10	110
684	10	101
685	01	000
686	00	000
687	01	111
688	10	101
689	10	111
690	01	000
691	01	111
692	01	111
693	01	101
694	01	111
695	01	111
696	10	101
697	01	110
698	10	100
699	01	000
700	10	110
701	01	111
702	01	111
703	01	101
704	01	110
705	01	101
706	01	101
707	10	000
708	10	000
709	01	100
710	01	111
711	10	101
712	01	101
713	01	111
714	01	101
715	10	000
716	00	000
717	01	000
718	01	110
719	01	111
720	10	000
721	01	111
722	00	000
723	01	110
724	01	110
725	01	111
726	01	101
727	10	111
728	01	111
729	01	111
730	01	111
731	01	000
732	01	111
733	10	111
734	10	110
735	01	101
736	01	101
737	10	110
738	01	101
739	10	000
740	01	011
741	10	000
742	01	000
743	01	101
744	01	000
745	10	100
746	01	000
47	01	010
747	01	000
748	01	001
46	10	010
749	10	001
750	10	000
751	10	101
752	01	100
753	10	111
754	01	000
755	10	101
756	10	001
757	10	000
758	01	000
759	10	111
760	10	100
761	01	110
762	10	000
763	10	100
764	10	111
765	10	101
766	10	001
767	01	000
768	01	100
769	01	101
770	01	000
771	01	000
772	01	101
773	01	000
774	10	101
775	01	000
776	01	101
777	01	101
778	10	011
779	00	111
780	00	000
781	01	100
782	00	111
783	10	100
784	01	100
785	10	000
786	10	101
787	10	111
788	10	000
789	10	100
790	01	100
791	10	101
45	10	010
792	01	101
793	01	011
794	10	111
795	01	100
796	10	000
797	01	101
798	10	000
799	10	101
800	10	111
801	10	000
802	10	011
803	00	000
804	10	101
805	01	110
806	01	000
807	01	000
808	01	000
809	10	101
810	10	101
811	01	101
812	01	000
813	10	000
814	01	101
815	10	000
816	01	000
817	10	000
818	01	000
819	01	101
820	01	100
821	01	110
822	01	000
823	10	111
824	10	000
825	10	110
826	10	001
827	10	000
828	10	000
829	00	000
44	01	010
830	10	101
831	10	001
832	10	111
43	10	010
833	10	001
834	10	000
835	10	011
836	10	000
837	10	000
838	10	000
839	01	011
840	01	101
841	10	000
842	10	100
843	10	000
844	10	000
845	01	101
846	01	000
847	01	101
848	10	000
849	01	000
850	10	101
851	10	100
852	10	011
853	01	000
854	10	101
855	00	000
856	10	111
857	10	000
858	10	000
859	01	000
860	10	000
861	01	101
862	10	000
863	10	101
864	10	101
865	10	101
866	10	000
867	10	000
868	01	111
869	10	101
870	10	000
871	10	101
872	01	111
873	00	000
874	01	101
875	01	101
876	01	000
877	01	101
878	10	000
879	10	000
880	10	000
881	10	111
882	01	111
883	01	000
884	00	000
885	10	000
886	10	000
887	10	000
888	10	000
889	01	101
890	01	000
891	10	000
892	01	101
893	01	000
894	10	101
895	10	000
896	10	001
897	10	100
898	10	000
899	01	111
900	01	000
901	01	000
902	01	111
903	01	111
904	10	111
905	01	111
906	01	101
907	01	000
908	01	100
909	01	000
910	10	110
42	01	010
911	01	000
912	01	101
913	10	100
914	10	000
915	01	011
916	01	011
917	00	000
918	01	100
919	01	111
920	01	000
921	01	000
922	10	000
923	01	101
924	10	000
925	01	000
926	10	101
927	10	011
928	10	000
929	01	000
930	01	111
931	01	000
932	10	101
933	01	000
934	01	000
935	01	110
936	01	000
937	01	101
938	01	111
939	10	000
940	01	101
941	10	000
942	01	110
943	01	000
944	01	101
945	01	000
946	01	011
947	01	100
948	01	000
949	10	000
950	10	111
951	01	111
952	10	000
953	10	000
954	01	000
955	01	111
956	01	111
957	01	111
958	10	101
959	01	101
960	10	110
961	10	101
962	10	101
963	01	101
964	01	101
965	10	000
966	01	101
967	10	111
968	01	000
969	01	000
41	01	010
970	01	000
971	01	111
972	01	111
973	01	101
974	10	111
975	01	111
976	01	111
977	01	110
978	10	101
979	10	000
980	01	111
981	01	100
982	10	101
983	01	111
984	01	100
985	01	101
986	01	101
987	10	110
988	10	111
989	01	110
990	01	101
991	01	111
992	01	011
993	01	101
994	10	101
995	10	101
996	01	000
997	01	011
998	01	101
999	01	000
1000	10	100
1001	01	101
1002	01	111
1003	01	111
1004	01	111
1005	01	101
1006	10	101
1007	01	101
1008	10	000
1009	01	111
1010	01	000
40	01	010
1011	01	101
1012	10	000
1013	01	000
1014	10	101
1015	01	111
1016	01	111
1017	01	100
1018	01	101
1019	01	101
1020	01	101
1021	01	101
1022	10	000
1023	10	000
1024	01	001
1025	01	001
1026	01	101
1027	01	101
1028	01	101
1029	10	101
1030	01	000
1031	00	000
1032	01	101
1033	10	101
1034	10	101
1035	01	101
1036	01	000
1037	01	101
1038	01	101
1039	10	101
1040	10	001
1041	10	101
1042	10	000
1043	01	111
1044	10	101
1045	01	101
1046	01	011
1047	01	101
1048	01	101
1049	10	001
1050	01	000
1051	01	100
1052	10	000
1053	01	000
1054	01	111
1055	01	101
1056	01	111
1057	10	000
1058	10	101
1059	01	111
1060	01	111
1061	01	111
1062	01	111
1063	10	101
1064	10	000
1065	01	111
1066	01	101
1067	01	101
1068	10	100
1069	01	101
1070	01	111
1071	01	000
1072	01	101
1073	01	111
1074	10	000
1075	01	101
1076	10	101
1077	01	101
1078	10	000
1079	10	000
1080	10	101
1081	01	101
1082	01	000
1083	10	000
1084	01	101
1085	01	111
1086	10	101
1087	10	101
1088	01	101
1089	01	000
1090	01	100
1091	01	101
1092	01	101
1093	01	000
1094	01	111
1095	10	100
1096	10	101
1097	01	000
1098	01	000
1099	01	101
1100	10	111
1101	01	000
1102	01	101
1103	10	100
1104	01	111
1105	10	000
1106	01	101
1107	10	101
1108	01	000
1109	10	000
1110	01	101
1111	01	101
1112	00	100
1113	01	111
1114	01	101
1115	01	111
1116	10	111
1117	01	101
1118	01	101
1119	10	000
1120	00	000
1121	01	011
1122	01	101
1123	01	101
1124	01	110
1125	01	111
1126	01	101
1127	01	101
1128	01	000
1129	01	000
1130	01	101
1131	00	000
1132	10	101
1133	01	100
1134	10	100
1135	01	101
1136	01	110
1137	01	101
1138	01	000
1139	01	101
1140	01	111
1141	00	111
1142	01	001
1143	10	101
1144	01	111
1145	01	000
1146	01	101
1147	01	101
1148	01	101
1149	01	101
1150	01	111
1151	01	111
1152	01	101
1153	01	111
1154	01	111
1155	01	101
1156	01	000
1157	10	100
1158	01	101
1159	10	111
1160	01	111
1161	01	100
1162	01	111
1163	01	100
1164	10	101
1165	10	101
1166	01	101
1167	10	101
1168	01	111
1169	01	101
1170	10	100
1171	01	101
1172	01	101
1173	10	000
1174	10	000
1175	01	111
1176	01	110
1177	10	000
1178	01	101
1179	01	111
1180	10	000
1181	10	101
1182	10	111
1183	01	101
1184	01	000
1185	10	111
1186	01	101
1187	01	101
1188	10	101
1189	10	100
1190	10	100
1191	01	101
1192	01	111
1193	01	101
1194	01	101
1195	10	000
1196	10	101
1197	10	100
1198	01	101
1199	01	101
1200	01	101
1201	01	111
1202	10	111
1203	01	100
1204	01	101
1205	01	101
1206	01	101
1207	01	101
1208	01	101
1209	10	100
1210	01	101
1211	01	111
1212	01	101
1213	10	101
1214	10	000
1215	01	101
1216	01	000
1217	01	000
1218	01	000
1219	01	111
1220	01	101
1221	10	111
1222	10	101
1223	01	101
1224	01	101
1225	01	101
1226	01	101
1227	01	000
1228	01	101
1229	01	110
1230	01	101
1231	10	000
1232	10	111
1233	01	111
1234	10	101
1235	01	111
1236	10	101
1237	10	101
1238	10	101
1239	01	101
1240	10	000
1241	10	101
1242	01	111
1243	01	111
1244	10	111
1245	01	101
1246	01	101
1247	01	101
1248	10	000
1249	01	111
1250	00	000
1251	10	101
39	10	010
1252	01	101
1253	10	100
1254	10	101
1255	01	000
1256	01	101
1257	01	111
1258	01	101
38	10	010
1259	01	000
1260	01	101
1261	01	111
1262	01	110
1263	01	101
1264	01	000
1265	01	111
1266	10	101
1267	01	101
1268	01	101
1269	01	111
1270	01	111
1271	10	101
1272	10	101
1273	10	101
1274	01	101
1275	10	111
1276	01	101
37	01	010
1277	10	111
1278	01	000
1279	01	101
1280	10	111
1281	01	101
1282	01	000
1283	01	111
1284	01	101
1285	01	101
1286	01	101
1287	01	101
1288	01	000
1289	01	111
1290	10	000
1291	10	000
1292	10	101
1293	01	100
1294	10	101
1295	01	111
1296	01	110
1297	01	000
1298	01	111
1299	01	111
1300	01	100
1301	01	101
1302	01	101
1303	10	000
1304	01	101
1305	00	000
1306	01	101
1307	10	100
1308	10	111
1309	01	101
1310	10	000
1311	10	111
1312	01	101
1313	10	110
1314	01	101
1315	01	111
1316	01	101
1317	01	101
1318	01	111
1319	01	101
1320	01	000
1321	10	111
1322	10	101
1323	01	000
1324	10	101
1325	01	101
1326	10	000
1327	10	110
1328	01	101
1329	01	101
1330	01	110
1331	01	111
1332	10	110
1333	01	111
1334	01	111
1335	01	000
1336	01	101
1337	01	110
1338	01	110
1339	01	101
1340	10	101
1341	01	101
1342	01	101
1343	01	101
1344	01	110
1345	01	101
1346	10	101
1347	01	101
1348	01	101
1349	10	101
1350	01	101
1351	01	100
1352	10	001
1353	01	001
1354	01	000
1355	01	111
1356	10	111
1357	01	110
1358	10	101
1359	01	111
1360	01	000
1361	10	111
1362	01	110
1363	10	000
1364	10	101
1365	01	000
1366	10	111
1367	10	101
1368	10	101
1369	01	111
1370	01	101
1371	01	101
1372	10	101
1373	10	101
36	01	010
1374	01	101
1375	10	100
1376	01	101
1377	01	101
1378	10	111
1379	01	111
1380	01	110
1381	01	101
1382	01	001
1383	01	000
1384	01	100
1385	01	111
1386	01	101
1387	01	000
1388	01	101
1389	01	111
1390	01	101
1391	01	101
1392	01	011
1393	01	111
1394	10	000
1395	01	101
1396	01	111
1397	01	101
1398	01	111
1399	01	101
1400	01	101
1401	10	000
1402	01	101
1403	01	101
1404	01	000
1405	01	101
1406	10	101
1407	01	101
1408	10	110
1409	01	101
1410	01	110
1411	01	101
1412	10	101
1413	01	101
1414	10	111
1415	01	111
1416	10	101
1417	10	101
1418	01	101
1419	10	101
1420	10	101
1421	01	111
1422	01	000
1423	01	111
1424	01	101
1425	01	100
1426	01	101
1427	01	111
1428	01	101
1429	01	101
1430	10	111
1431	10	100
1432	10	101
1433	10	101
1434	10	000
1435	01	101
1436	10	111
1437	01	100
1438	10	101
1439	10	110
1440	01	101
1441	10	111
1442	01	101
1443	01	111
1444	01	111
1445	01	000
1446	01	111
1447	10	000
1448	01	000
1449	10	101
1450	00	000
1451	01	100
1452	01	101
1453	10	101
1454	01	111
1455	10	000
1456	01	101
1457	01	111
1458	01	100
1459	10	111
1460	01	111
1461	10	111
1462	01	101
1463	10	111
1464	01	111
1465	01	111
1466	01	111
1467	01	111
1468	01	111
1469	10	111
1470	10	000
1471	01	101
1472	01	000
1473	10	100
1474	01	101
1475	01	101
1476	10	101
1477	10	000
1478	10	101
1479	01	101
1480	01	011
1481	10	111
1482	10	110
1483	10	000
1484	01	101
1485	01	101
1486	01	111
1487	10	101
1488	01	110
1489	01	101
1490	01	001
1491	10	000
1492	01	101
1493	10	101
1494	10	101
1495	01	101
1496	01	101
1497	01	000
1498	01	101
1499	10	100
1500	10	111
1501	01	111
1502	10	101
1503	01	111
1504	01	111
1505	01	101
1506	01	101
1507	01	111
1508	01	000
1509	01	111
1510	10	101
1511	10	111
1512	10	101
1513	10	100
1514	10	111
1515	01	101
1516	01	100
1517	01	101
1518	01	100
1519	10	101
1520	01	111
1521	10	111
1522	01	011
1523	10	101
1524	10	101
1525	10	101
1526	01	101
1527	01	101
1528	10	111
1529	10	000
1530	01	011
1531	10	101
1532	01	111
1533	10	111
1534	10	110
1535	01	101
1536	01	101
1537	01	101
1538	01	101
1539	01	101
1540	01	101
1541	10	000
1542	10	000
1543	01	101
1544	10	000
1545	10	100
1546	10	110
1547	10	110
1548	01	111
1549	01	101
1550	01	000
1551	10	111
1552	01	100
1553	01	101
1554	10	110
1555	10	000
1556	01	100
1557	10	101
1558	10	000
1559	10	000
1560	00	101
1561	01	101
1562	10	000
1563	01	000
1564	01	111
1565	01	111
1566	10	101
1567	01	111
1568	10	101
1569	01	000
1570	01	000
1571	01	101
1572	01	101
1573	10	110
1574	01	100
1575	01	111
1576	10	000
1577	01	101
1578	01	101
1579	01	110
1580	01	101
1581	01	111
1582	01	111
1583	01	101
1584	01	111
1585	01	111
1586	10	111
1587	10	101
1588	10	101
1589	01	111
1590	01	101
1591	01	000
1592	10	101
1593	01	101
1594	01	101
1595	10	100
1596	10	100
1597	01	111
1598	01	101
1599	10	101
1600	01	101
1601	01	111
1602	10	111
35	10	010
1603	10	111
34	01	010
1604	01	101
1605	01	101
1606	01	111
1607	01	111
1608	01	110
1609	01	101
1610	10	101
1611	01	111
1612	01	101
1613	01	000
1614	10	101
1615	10	000
1616	01	101
1617	01	101
1618	01	111
1619	10	111
1620	10	101
1621	01	111
1622	01	110
1623	10	101
1624	10	000
1625	01	101
1626	10	110
1627	10	000
1628	10	101
1629	10	101
1630	01	111
1631	10	000
1632	10	101
33	01	010
1633	01	111
1634	01	000
32	01	010
1635	01	101
1636	01	101
1637	10	101
1638	01	111
1639	01	000
1640	01	101
1641	01	111
1642	01	111
1643	01	011
1644	10	111
1645	10	101
1646	10	101
1647	01	111
31	10	010
1648	10	000
1649	10	111
1650	10	101
1651	01	101
1652	01	101
1653	01	101
1654	10	101
1655	01	110
1656	01	111
1657	10	101
1658	10	100
1659	01	101
1660	01	111
1661	01	101
1662	01	101
1663	01	111
1664	01	101
1665	01	001
1666	01	101
1667	01	111
1668	10	000
1669	10	000
1670	01	111
1671	01	001
1672	01	101
1673	01	000
1674	10	100
1675	10	101
1676	01	111
1677	01	101
1678	10	101
1679	10	101
1680	01	101
1681	01	101
1682	10	000
1683	01	101
1684	01	101
1685	10	100
1686	10	000
1687	01	101
1688	10	000
1689	01	101
1690	10	111
1691	01	111
1692	10	111
1693	10	100
1694	01	101
1695	01	000
1696	10	101
1697	01	000
1698	01	101
1699	01	101
1700	01	000
1701	01	101
1702	01	000
1703	01	101
1704	01	101
1705	10	000
1706	01	101
1707	01	110
1708	01	111
1709	01	111
1710	01	101
1711	10	101
1712	01	101
1713	10	101
1714	01	101
1715	01	111
1716	01	000
1717	01	101
1718	01	110
1719	01	000
1720	01	000
1721	01	000
1722	01	101
1723	10	111
1724	01	111
1725	10	111
1726	01	111
1727	01	111
1728	10	110
1729	10	110
1730	01	111
1731	10	000
1732	01	111
1733	10	111
1734	01	111
1735	10	101
1736	10	000
1737	10	101
1738	10	101
1739	01	100
1740	01	111
1741	10	101
1742	10	111
1743	10	101
1744	01	110
1745	01	000
1746	10	111
1747	10	000
1748	10	111
1749	01	111
1750	01	111
1751	01	111
1752	01	101
1753	10	101
1754	00	100
1755	10	101
1756	10	101
1757	01	111
1758	01	111
1759	10	101
1760	01	101
1761	01	101
1762	01	111
1763	10	101
1764	01	101
1765	01	000
1766	10	100
1767	10	101
1768	01	101
1769	01	101
1770	10	000
1771	01	000
1772	10	101
1773	01	101
1774	10	111
1775	01	111
1776	01	101
1777	01	111
1778	01	000
1779	01	101
1780	10	101
1781	10	111
1782	10	101
1783	10	101
1784	10	101
1785	10	000
1786	10	100
1787	01	101
1788	01	101
1789	01	000
1790	01	100
1791	01	111
1792	01	111
1793	10	101
1794	01	111
1795	01	101
1796	01	101
1797	10	100
1798	01	101
1799	10	111
1800	10	100
1801	01	101
30	01	010
1802	10	101
1803	10	110
1804	10	100
1805	10	000
1806	01	101
1807	01	111
1808	01	111
1809	10	111
1810	01	000
1811	01	001
1812	01	101
1813	01	101
1814	01	101
1815	10	000
1816	01	101
1817	10	000
1818	01	111
1819	01	101
1820	10	000
1821	10	110
1822	01	101
1823	10	000
1824	01	111
1825	01	000
1826	01	101
1827	10	000
1828	01	111
1829	10	101
1830	01	111
1831	10	111
1832	01	000
1833	01	000
1834	01	101
1835	10	111
1836	10	101
1837	01	111
1838	10	000
1839	01	101
1840	01	101
1841	01	111
1842	10	101
1843	01	000
1844	01	111
1845	01	101
1846	01	111
1847	10	000
1848	01	101
1849	01	101
1850	01	101
1851	10	101
1852	10	101
1853	01	101
1854	10	101
1855	01	111
1856	01	101
1857	10	000
1858	01	101
1859	01	111
1860	01	111
1861	01	000
1862	01	101
1863	01	101
1864	10	101
1865	10	111
1866	10	000
1867	01	111
1868	10	000
1869	10	101
1870	01	111
1871	10	101
1872	01	100
1873	01	101
1874	01	111
1875	01	101
1876	10	101
1877	01	000
1878	10	101
1879	10	000
1880	01	101
1881	01	101
1882	01	000
1883	10	101
1884	01	101
1885	10	000
1886	00	100
1887	01	101
1888	10	000
1889	01	101
1890	01	100
1891	01	101
1892	01	111
1893	01	101
1894	01	101
1895	10	101
1896	01	000
1897	01	101
1898	01	101
1899	10	101
1900	01	111
1901	01	001
1902	01	111
1903	01	111
1904	01	101
1905	10	111
1906	01	101
1907	01	101
1908	10	111
1909	10	101
1910	01	111
1911	10	111
1912	10	111
1913	01	000
1914	01	111
1915	01	101
1916	10	111
1917	01	101
1918	01	111
1919	01	000
1920	10	101
1921	01	101
1922	01	101
1923	10	111
1924	01	111
1925	01	101
1926	01	111
1927	01	101
1928	01	101
1929	01	101
1930	10	101
1931	10	101
1932	10	101
1933	01	111
1934	01	100
1935	01	000
1936	01	000
1937	01	101
1938	01	101
1939	10	101
1940	01	111
1941	10	101
1942	01	111
1943	01	101
1944	01	101
1945	01	000
1946	10	000
1947	01	111
1948	10	101
1949	10	000
1950	10	000
1951	10	101
1952	01	101
1953	01	111
1954	01	101
1955	10	101
1956	10	101
1957	10	000
1958	10	001
1959	10	111
1960	10	000
1961	01	101
1962	01	111
1963	01	101
1964	01	101
1965	10	101
1966	01	101
1967	01	101
1968	10	111
1969	01	111
1970	10	101
1971	01	101
1972	10	101
1973	01	111
1974	10	111
1975	10	101
1976	01	001
1977	01	111
1978	01	101
1979	10	101
1980	01	000
1981	10	101
1982	01	000
1983	01	101
1984	10	111
1985	01	101
29	01	010
1986	01	101
1987	10	101
1988	01	111
1989	10	101
1990	10	000
1991	01	111
1992	10	100
1993	01	101
1994	10	000
1995	01	101
1996	01	111
1997	10	101
1998	10	101
1999	10	111
2000	10	111
2001	01	000
2002	01	101
2003	10	111
2004	01	101
2005	10	101
2006	01	101
2007	01	101
2008	01	101
2009	01	000
2010	10	101
2011	10	000
2012	01	011
2013	01	101
2014	10	111
2015	01	011
2016	10	101
2017	10	101
2018	01	101
2019	10	100
2020	01	101
2021	01	101
2022	10	101
2023	01	111
2024	01	101
2025	10	110
2026	10	101
2027	01	101
2028	01	101
2029	01	101
2030	01	000
2031	01	000
2032	10	111
2033	10	000
2034	10	000
2035	01	101
2036	01	000
2037	00	100
2038	10	001
2039	10	111
2040	10	101
2041	01	001
2042	10	101
2043	10	101
2044	10	000
2045	01	000
2046	10	111
2047	01	000
2048	10	101
2049	10	101
2050	10	101
2051	10	000
2052	01	000
2053	10	101
2054	01	101
2055	01	111
2056	01	101
2057	01	100
2058	01	111
2059	10	111
28	01	010
2060	01	000
2061	10	000
2062	10	000
2063	10	101
2064	01	101
2065	01	111
2066	01	101
2067	10	111
2068	01	111
27	01	010
2069	01	111
2070	10	101
2071	10	101
2072	01	101
2073	10	101
2074	01	111
2075	10	111
2076	01	101
2077	01	101
2078	10	000
2079	01	111
2080	01	101
2081	01	111
2082	01	101
2083	10	101
2084	01	101
2085	01	101
2086	01	101
2087	01	101
2088	01	101
2089	01	111
2090	10	101
2091	01	101
2092	10	101
2093	01	000
2094	10	111
2095	10	101
2096	01	101
2097	01	101
2098	01	101
2099	01	111
2100	10	111
2101	10	111
2102	10	111
2103	01	111
2104	01	101
2105	01	101
2106	10	000
2107	01	000
2108	10	111
2109	10	110
2110	01	011
2111	01	101
2112	10	000
2113	00	111
2114	10	000
2115	10	101
2116	10	101
2117	01	101
2118	10	101
2119	00	101
2120	01	111
2121	10	101
2122	10	101
2123	01	011
2124	10	000
2125	10	101
2126	01	000
2127	10	101
2128	01	101
2129	01	111
2130	10	101
2131	01	100
2132	01	000
2133	01	100
2134	10	101
2135	01	101
2136	01	101
2137	10	000
2138	10	111
2139	01	111
2140	10	001
2141	01	101
2142	01	101
2143	01	101
2144	10	111
2145	01	111
2146	10	101
2147	10	000
2148	10	111
2149	01	101
2150	01	101
2151	00	101
2152	01	111
2153	10	101
2154	10	101
2155	01	111
2156	10	101
2157	10	000
2158	01	101
2159	01	000
2160	10	101
2161	10	000
2162	01	111
2163	01	101
2164	10	101
2165	01	111
2166	00	111
2167	10	101
2168	10	111
2169	10	111
2170	01	111
2171	10	000
2172	10	101
2173	01	101
2174	01	111
2175	01	101
2176	10	111
2177	01	101
2178	01	111
2179	01	000
2180	10	101
2181	10	111
2182	10	000
2183	10	000
2184	10	101
2185	10	101
2186	01	111
2187	10	000
2188	01	101
2189	01	101
2190	01	101
2191	01	101
2192	10	111
2193	01	000
2194	10	000
2195	01	000
2196	01	111
2197	01	101
2198	01	101
2199	10	101
2200	01	000
2201	01	111
2202	10	110
2203	10	111
2204	01	000
2205	01	011
2206	10	111
2207	10	100
2208	10	101
2209	10	111
2210	01	111
2211	10	101
2212	10	111
2213	10	101
2214	01	111
2215	01	101
2216	10	101
2217	10	101
2218	01	111
2219	10	000
2220	10	000
2221	01	111
2222	10	100
2223	01	101
2224	01	100
2225	10	000
2226	10	111
2227	01	111
2228	01	101
2229	10	100
2230	01	111
2231	01	111
2232	10	000
2233	01	101
2234	10	101
2235	10	101
2236	10	110
2237	01	101
2238	01	101
2239	01	101
2240	01	101
2241	10	101
2242	01	111
2243	01	111
2244	01	111
2245	01	111
2246	10	111
2247	10	101
2248	01	111
2249	01	111
2250	01	000
2251	01	111
2252	01	101
2253	01	111
2254	10	000
2255	10	101
2256	01	101
2257	10	000
2258	01	101
2259	01	101
2260	10	111
2261	10	101
2262	01	101
2263	01	000
2264	10	000
2265	01	000
2266	01	111
2267	10	101
2268	10	000
2269	01	111
2270	01	101
2271	10	101
2272	01	111
2273	10	111
2274	10	111
2275	10	111
2276	10	101
2277	01	111
2278	10	100
2279	01	101
2280	10	101
2281	10	101
2282	10	101
2283	10	101
2284	10	001
2285	10	001
2286	10	000
2287	10	100
2288	10	101
2289	10	110
2290	10	101
2291	10	101
2292	01	101
2293	01	111
2294	01	101
2295	10	101
2296	10	000
2297	10	101
2298	01	101
2299	10	111
2300	01	000
2301	01	111
2302	01	101
2303	10	101
2304	10	111
2305	10	111
2306	01	111
2307	01	101
2308	01	000
2309	10	101
2310	01	101
2311	01	101
2312	10	111
2313	01	100
2314	10	111
2315	10	101
2316	10	101
2317	10	101
2318	10	101
2319	10	000
2320	01	101
2321	01	101
2322	10	000
2323	10	101
2324	10	100
2325	01	101
2326	10	101
2327	01	111
2328	01	111
2329	10	111
2330	01	111
2331	10	000
2332	10	101
2333	10	101
2334	01	101
2335	01	101
2336	10	101
2337	01	111
2338	10	101
2339	01	000
2340	00	000
2341	01	000
2342	01	000
2343	01	101
2344	01	101
2345	01	111
2346	10	101
2347	01	101
2348	01	111
2349	10	101
2350	10	101
2351	10	101
2352	01	111
2353	10	101
2354	01	101
2355	01	000
2356	01	101
2357	01	101
2358	10	101
2359	01	000
2360	10	111
2361	01	101
2362	10	101
2363	01	101
2364	01	101
2365	01	111
2366	10	000
2367	10	101
2368	01	101
2369	10	000
2370	10	101
2371	10	111
2372	01	101
2373	01	101
2374	01	111
2375	10	101
2376	10	101
2377	01	111
2378	01	111
2379	10	111
2380	01	000
2381	10	101
2382	10	101
2383	01	101
2384	01	000
2385	10	100
2386	10	111
2387	01	101
2388	10	101
2389	01	111
2390	01	001
2391	01	000
2392	01	101
2393	01	101
2394	01	101
2395	01	000
2396	10	101
2397	01	101
2398	10	101
2399	01	000
2400	10	101
2401	10	111
2402	01	101
2403	10	101
2404	10	111
2405	01	101
2406	01	101
2407	10	101
2408	01	111
2409	01	000
2410	10	101
2411	10	111
2412	01	111
2413	01	101
2414	10	111
2415	01	000
2416	10	000
2417	01	111
2418	01	011
2419	01	101
2420	10	101
2421	01	101
2422	10	011
2423	10	101
2424	10	110
2425	00	111
2426	01	111
2427	10	101
2428	10	100
2429	01	101
2430	01	101
2431	01	111
2432	10	000
2433	01	101
2434	10	101
2435	10	111
2436	10	101
2437	10	101
2438	10	000
2439	01	101
2440	01	000
2441	01	111
2442	10	111
2443	10	111
2444	10	101
2445	01	101
2446	10	111
2447	01	101
2448	01	111
2449	10	000
2450	10	000
2451	01	101
2452	10	111
2453	01	101
2454	10	101
2455	10	101
2456	01	001
2457	10	101
2458	10	101
2459	10	000
2460	10	101
2461	10	111
2462	01	101
2463	01	101
2464	10	100
2465	01	111
2466	10	001
2467	10	101
2468	10	100
2469	01	000
2470	01	101
2471	01	000
2472	10	101
2473	10	101
2474	10	101
2475	10	000
2476	01	000
2477	10	101
2478	01	101
2479	01	001
2480	10	111
2481	10	101
2482	10	111
2483	01	111
2484	01	000
2485	01	101
2486	10	000
2487	10	111
2488	10	111
2489	10	101
2490	10	111
2491	10	111
2492	10	000
2493	10	001
2494	10	101
2495	01	000
2496	01	101
2497	10	111
2498	01	000
2499	10	111
2500	01	101
2501	10	101
2502	10	000
2503	10	101
2504	01	011
2505	10	000
2506	01	111
2507	01	111
2508	10	000
2509	10	000
2510	10	111
2511	10	001
2512	10	101
2513	01	111
26	10	010
2514	01	101
2515	10	111
2516	10	101
2517	10	101
2518	10	101
2519	01	111
2520	01	101
2521	10	011
2522	10	000
2523	10	111
2524	01	100
2525	01	100
2526	10	101
2527	01	000
2528	01	111
2529	01	100
2530	01	101
2531	10	111
2532	10	101
2533	10	101
2534	10	000
2535	01	111
2536	10	101
2537	10	101
2538	01	111
25	10	010
2539	10	101
2540	10	111
2541	01	101
2542	01	101
2543	01	111
2544	00	000
2545	00	101
2546	10	101
2547	01	001
2548	01	000
2549	10	101
2550	10	101
2551	10	101
2552	01	101
2553	01	101
2554	10	101
2555	10	101
2556	10	111
2557	10	000
2558	10	000
2559	01	111
2560	01	101
2561	10	000
2562	10	000
2563	10	101
2564	01	101
2565	01	110
2566	01	111
2567	01	000
2568	01	111
2569	01	000
2570	01	011
2571	10	111
2572	10	101
2573	10	001
2574	10	011
2575	01	101
2576	01	101
2577	10	101
2578	10	101
2579	10	101
2580	01	111
2581	01	101
2582	01	111
2583	10	101
2584	10	101
2585	10	111
2586	10	101
2587	10	100
2588	10	111
2589	10	011
2590	10	000
2591	10	101
2592	10	111
2593	01	100
2594	10	110
2595	01	101
2596	01	101
2597	01	111
2598	10	101
2599	10	101
2600	01	111
2601	01	001
2602	01	000
2603	10	101
2604	10	101
2605	01	000
2606	10	000
2607	10	111
2608	01	101
2609	10	000
2610	10	111
2611	10	101
2612	01	101
2613	01	101
2614	10	101
2615	10	000
2616	10	000
2617	01	101
2618	01	101
2619	01	000
2620	01	101
2621	01	100
2622	01	111
2623	01	111
2624	10	110
2625	10	011
2626	10	111
2627	01	011
2628	01	111
2629	10	101
2630	01	111
2631	10	101
2632	10	011
2633	10	101
2634	10	101
2635	01	111
2636	01	101
2637	01	101
2638	01	101
2639	10	100
2640	01	101
2641	01	111
2642	10	101
2643	10	101
2644	01	101
2645	01	101
2646	01	101
2647	01	101
2648	10	101
2649	10	000
2650	10	101
2651	01	000
2652	01	101
2653	01	101
2654	10	101
2655	01	101
2656	01	101
2657	01	000
2658	01	101
2659	10	111
2660	10	101
2661	01	101
2662	01	111
2663	01	101
2664	01	101
2665	10	101
2666	01	101
2667	01	111
2668	01	101
2669	10	100
2670	01	000
2671	10	111
2672	01	101
2673	10	101
2674	01	111
2675	01	101
24	01	010
2676	01	101
2677	01	111
2678	01	101
2679	10	101
2680	10	101
2681	01	101
2682	10	101
2683	10	101
2684	10	101
2685	01	101
2686	01	101
2687	01	100
2688	10	000
2689	10	000
2690	01	101
2691	10	000
2692	00	100
2693	01	101
2694	00	101
2695	10	000
2696	01	110
2697	10	111
2698	01	101
2699	01	111
2700	01	000
2701	01	101
2702	01	101
2703	10	101
2704	01	100
2705	01	101
2706	01	111
2707	01	101
2708	01	000
2709	01	000
2710	10	101
2711	00	100
2712	01	101
2713	01	111
2714	01	101
2715	01	101
2716	00	000
2717	01	101
2718	01	111
2719	10	101
2720	01	100
2721	01	111
2722	01	101
2723	01	101
2724	01	110
2725	01	000
2726	01	101
2727	01	101
2728	01	111
2729	01	101
2730	01	101
2731	01	111
2732	01	000
2733	01	101
2734	01	101
2735	01	101
2736	01	100
2737	10	000
2738	01	101
2739	10	000
2740	10	000
2741	10	000
2742	01	101
2743	10	101
2744	01	101
2745	10	000
2746	01	111
2747	01	101
2748	01	000
2749	01	000
2750	01	100
2751	10	000
2752	10	100
2753	01	101
2754	01	110
2755	01	101
2756	10	001
2757	10	101
2758	01	000
2759	10	000
2760	01	000
2761	01	111
2762	01	101
2763	10	100
2764	01	110
2765	01	000
2766	10	100
2767	01	101
2768	01	101
2769	01	000
2770	00	101
2771	10	101
2772	01	111
2773	00	100
2774	01	101
2775	01	100
2776	01	000
2777	01	111
2778	01	100
2779	01	101
2780	01	101
2781	01	101
2782	01	101
2783	01	101
2784	10	100
2785	01	000
2786	10	101
2787	01	101
2788	01	000
2789	01	101
2790	10	101
2791	01	101
2792	01	111
2793	01	100
2794	10	101
2795	01	000
2796	10	000
2797	01	101
2798	01	101
2799	10	000
2800	01	001
2801	10	101
2802	10	000
2803	01	101
2804	10	101
2805	10	100
2806	01	101
2807	10	000
2808	10	101
2809	10	000
2810	10	101
2811	10	101
2812	10	001
2813	01	101
2814	10	000
2815	10	101
2816	10	011
2817	01	101
2818	01	101
2819	10	000
2820	01	100
2821	01	000
2822	01	111
2823	10	111
2824	01	101
2825	01	101
2826	01	101
2827	10	101
2828	01	101
2829	01	000
2830	10	000
2831	01	101
2832	01	101
2833	01	101
2834	01	101
2835	10	101
2836	01	000
2837	01	111
2838	10	111
2839	01	101
2840	01	000
2841	10	110
2842	10	000
2843	01	101
2844	01	101
2845	01	101
2846	01	101
2847	01	000
2848	10	000
2849	01	111
2850	01	000
2851	10	101
2852	10	101
2853	01	101
2854	10	101
2855	10	101
2856	01	100
2857	01	101
2858	01	000
2859	10	000
2860	01	000
2861	01	100
2862	01	111
2863	01	101
2864	10	000
2865	01	101
2866	01	000
2867	01	000
2868	10	101
2869	01	111
2870	01	000
2871	10	101
2872	01	111
2873	01	101
2874	10	101
2875	10	000
2876	01	001
2877	01	100
2878	01	101
2879	10	000
2880	10	000
2881	01	000
2882	01	101
2883	01	101
2884	01	111
2885	10	001
2886	10	101
2887	10	101
2888	10	101
2889	00	000
2890	01	000
2891	01	000
2892	01	101
2893	01	100
2894	01	101
2895	01	101
2896	01	100
2897	01	101
2898	01	101
2899	10	000
2900	10	101
2901	10	101
2902	10	000
2903	01	101
2904	01	000
2905	10	101
2906	10	000
2907	01	000
2908	01	111
2909	01	000
2910	10	101
2911	01	101
2912	00	101
2913	10	101
2914	10	101
2915	01	111
2916	01	101
2917	01	110
2918	01	000
2919	01	101
2920	01	101
2921	10	000
2922	01	101
2923	01	000
2924	10	110
2925	10	100
2926	01	000
2927	01	101
2928	01	101
2929	01	100
2930	01	000
2931	01	101
2932	00	100
2933	10	000
2934	10	000
2935	10	100
2936	10	101
2937	10	000
2938	01	101
2939	01	101
2940	10	000
2941	01	000
2942	01	101
2943	10	000
2944	10	111
2945	01	101
2946	01	101
2947	10	000
2948	01	101
2949	10	101
2950	01	101
2951	01	101
2952	10	101
2953	01	101
2954	10	101
2955	10	000
2956	10	101
2957	01	101
2958	01	101
2959	01	000
2960	01	111
2961	01	000
2962	01	000
2963	01	000
2964	10	000
2965	01	000
2966	01	101
2967	01	101
2968	01	101
2969	01	000
2970	10	000
2971	10	100
2972	10	101
2973	01	101
2974	10	000
2975	10	101
2976	01	101
2977	00	101
2978	01	101
2979	01	111
2980	01	000
2981	01	111
2982	10	000
2983	10	101
2984	10	101
2985	10	111
2986	10	111
2987	01	000
2988	01	000
2989	10	000
2990	01	000
2991	01	101
2992	01	000
2993	01	101
2994	01	101
2995	10	111
2996	01	101
2997	10	101
2998	01	101
2999	10	000
3000	10	000
3001	01	101
3002	01	101
3003	01	101
3004	10	000
3005	10	101
3006	10	101
3007	01	101
3008	01	000
3009	10	101
3010	10	000
3011	01	101
3012	01	101
3013	01	101
3014	10	101
3015	01	000
3016	10	000
3017	01	101
3018	01	000
3019	01	111
3020	01	100
3021	10	000
3022	01	100
3023	01	101
3024	01	000
3025	01	111
3026	01	101
3027	01	000
3028	10	101
3029	01	000
3030	01	000
3031	10	101
3032	10	101
3033	00	101
3034	01	101
3035	01	000
3036	01	000
3037	01	111
3038	10	101
3039	01	000
3040	00	100
23	01	010
3041	10	000
3042	01	000
3043	01	111
3044	10	101
3045	01	111
3046	01	101
3047	01	111
3048	01	001
3049	01	101
3050	01	000
3051	01	000
3052	01	101
3053	01	000
3054	01	001
3055	01	111
3056	01	101
3057	01	110
3058	01	110
3059	01	101
3060	10	000
3061	10	100
3062	01	110
3063	01	001
3064	10	000
3065	01	101
3066	10	101
3067	01	001
3068	01	100
3069	10	000
3070	01	101
3071	10	000
3072	01	101
3073	01	101
3074	01	101
3075	01	000
3076	01	000
3077	10	101
3078	01	111
3079	01	000
3080	01	000
3081	01	100
3082	01	101
3083	01	000
3084	01	111
3085	01	000
3086	01	101
3087	10	101
3088	01	100
3089	01	000
3090	10	000
3091	01	101
3092	01	101
3093	01	101
3094	01	111
3095	01	000
3096	10	000
3097	01	000
3098	01	101
3099	01	101
3100	01	101
3101	01	101
3102	01	111
3103	01	101
3104	10	000
3105	10	100
3106	01	101
3107	01	101
3108	01	111
3109	10	101
3110	10	100
3111	10	000
3112	10	000
3113	01	101
3114	10	101
3115	01	101
3116	01	100
3117	10	000
3118	01	000
3119	01	000
3120	01	101
3121	01	101
3122	01	111
3123	10	000
3124	10	000
3125	10	101
3126	10	101
3127	01	101
3128	01	000
3129	10	101
3130	01	000
3131	01	000
3132	10	000
3133	10	110
3134	01	000
3135	10	101
3136	00	000
3137	10	101
3138	01	101
3139	10	000
3140	10	100
3141	01	000
3142	10	000
3143	10	101
3144	10	101
3145	10	000
3146	01	001
3147	10	000
3148	01	001
3149	10	000
3150	01	000
3151	01	000
3152	01	101
3153	01	101
3154	01	000
3155	01	100
3156	10	000
3157	00	000
3158	01	101
3159	10	000
3160	10	000
3161	10	000
3162	10	101
3163	10	101
3164	01	101
3165	01	110
3166	01	101
3167	10	000
3168	10	111
3169	10	101
3170	01	101
3171	10	000
3172	01	101
3173	10	000
3174	10	000
3175	01	000
3176	01	000
3177	01	101
3178	01	101
3179	01	100
3180	01	110
3181	01	101
3182	01	000
3183	01	000
3184	01	100
3185	10	101
3186	01	101
3187	01	000
3188	10	110
3189	01	101
3190	10	000
3191	10	000
3192	01	000
3193	00	101
3194	01	000
3195	10	000
3196	01	111
3197	01	101
3198	01	001
3199	01	101
3200	01	100
3201	10	000
3202	01	000
3203	01	000
3204	10	000
3205	01	000
3206	01	001
3207	10	000
3208	10	000
3209	01	100
3210	01	110
3211	10	000
3212	01	111
3213	01	000
3214	10	000
3215	01	101
3216	01	101
3217	01	100
3218	10	101
3219	01	101
3220	10	101
3221	10	101
3222	01	000
3223	10	101
3224	01	000
3225	10	111
3226	10	111
3227	01	101
3228	01	111
3229	01	101
3230	01	101
3231	10	100
3232	10	111
3233	10	111
3234	10	000
3235	01	100
3236	01	101
3237	01	101
3238	10	000
3239	01	101
3240	01	000
3241	10	000
3242	01	101
3243	01	100
3244	01	111
3245	01	101
3246	01	101
3247	10	000
3248	01	101
3249	01	000
3250	01	000
3251	10	000
3252	01	101
3253	01	000
3254	01	101
3255	01	100
3256	01	101
3257	01	101
3258	10	100
3259	01	111
3260	01	101
3261	01	101
3262	10	101
3263	10	101
3264	10	000
3265	10	101
3266	10	101
3267	10	101
3268	10	000
3269	01	100
3270	01	101
3271	01	000
3272	01	101
3273	01	101
3274	10	000
3275	10	000
3276	01	000
3277	01	000
3278	10	101
3279	01	101
3280	01	101
3281	01	000
3282	01	101
3283	10	000
3284	10	111
3285	01	101
3286	01	100
3287	01	111
3288	01	100
3289	10	111
3290	10	101
3291	01	000
3292	01	101
3293	01	111
3294	01	101
3295	10	101
3296	01	110
3297	01	000
3298	10	101
3299	01	101
3300	01	100
3301	01	000
3302	10	101
3303	10	101
3304	01	001
3305	01	111
3306	01	101
3307	01	101
3308	01	000
3309	01	111
3310	01	000
3311	10	101
3312	01	000
3313	01	110
3314	10	101
3315	10	000
3316	01	101
3317	01	000
3318	10	000
3319	01	101
3320	01	101
3321	01	100
3322	10	111
3323	01	111
3324	01	000
3325	01	101
3326	01	101
3327	01	111
3328	01	101
3329	10	101
3330	01	111
3331	01	111
3332	10	000
3333	10	101
3334	01	101
3335	10	000
3336	01	111
3337	10	101
3338	01	101
3339	01	101
3340	01	101
3341	10	101
3342	01	101
3343	10	000
3344	10	101
3345	01	101
3346	01	101
22	10	010
3347	01	101
3348	10	101
3349	01	101
3350	01	000
3351	01	101
3352	10	000
3353	10	111
3354	01	000
3355	01	111
3356	10	111
3357	10	000
3358	10	000
3359	01	000
3360	01	100
3361	01	100
3362	01	101
3363	10	111
3364	10	000
3365	01	101
3366	10	101
3367	10	101
3368	10	000
3369	01	000
3370	01	100
3371	01	111
3372	01	111
3373	10	101
3374	01	100
3375	10	000
3376	01	111
3377	01	101
3378	10	101
3379	01	000
3380	10	000
3381	10	101
3382	10	110
3383	01	111
3384	01	101
3385	01	101
3386	01	101
3387	10	100
3388	01	111
3389	10	100
3390	01	101
3391	10	111
3392	01	000
3393	01	101
3394	10	000
3395	01	111
3396	10	111
3397	01	110
3398	01	000
3399	01	000
3400	10	101
3401	10	111
3402	01	000
3403	10	100
3404	01	101
3405	01	101
3406	01	101
3407	10	101
3408	01	101
3409	01	001
3410	01	101
21	00	010
3411	01	101
3412	10	101
3413	10	101
3414	01	000
3415	10	101
3416	01	101
3417	01	000
3418	01	111
3419	01	111
3420	10	101
3421	01	101
3422	01	101
3423	10	000
3424	01	111
3425	01	101
3426	01	000
3427	10	000
3428	01	000
3429	01	100
3430	10	000
3431	01	101
3432	01	111
3433	10	000
3434	01	101
3435	10	101
3436	10	101
3437	01	000
3438	10	000
3439	10	100
3440	01	101
3441	01	101
3442	10	000
3443	10	111
3444	10	000
20	01	010
3445	10	101
3446	01	101
3447	01	101
3448	01	000
3449	10	000
3450	01	101
3451	10	101
3452	01	111
3453	10	100
3454	01	100
3455	01	001
3456	01	101
3457	01	111
3458	10	000
3459	01	000
3460	01	000
3461	01	111
3462	01	111
3463	01	111
3464	10	000
3465	01	110
3466	10	111
3467	01	101
3468	01	111
3469	01	111
3470	10	000
3471	10	111
3472	01	111
3473	01	000
3474	01	111
3475	10	101
3476	00	000
3477	01	011
3478	10	101
3479	10	101
3480	10	101
3481	01	000
3482	10	000
3483	01	101
3484	10	000
3485	10	000
3486	10	101
3487	10	110
3488	10	111
3489	01	101
3490	10	000
3491	10	111
3492	10	000
3493	10	101
3494	10	111
3495	01	000
19	01	010
3496	10	000
3497	01	101
3498	10	101
3499	01	111
3500	10	101
3501	01	000
3502	10	101
3503	01	111
3504	01	110
3505	01	110
3506	01	111
3507	01	111
3508	01	101
3509	10	000
3510	01	000
3511	01	111
3512	10	111
3513	01	111
3514	01	000
3515	01	110
3516	01	000
3517	10	000
3518	01	000
3519	10	101
3520	01	111
3521	10	001
3522	01	000
3523	01	111
3524	01	000
3525	10	111
3526	01	111
3527	01	000
3528	01	101
3529	01	111
3530	01	000
3531	01	111
3532	01	000
3533	00	000
3534	01	101
3535	01	100
3536	01	000
3537	10	111
3538	01	111
3539	01	110
3540	01	111
3541	10	000
3542	10	000
3543	10	111
3544	01	000
3545	01	110
18	01	010
3546	01	111
3547	01	000
3548	01	111
3549	10	110
3550	10	000
3551	01	111
3552	10	111
3553	10	111
3554	01	111
3555	01	111
3556	10	100
3557	01	000
3558	01	000
3559	10	111
3560	01	110
3561	01	000
3562	01	111
3563	00	000
3564	01	000
3565	01	111
3566	01	111
3567	10	000
17	01	010
3568	01	110
3569	01	111
3570	01	000
3571	01	000
3572	01	111
3573	01	111
3574	01	000
3575	01	110
3576	01	110
3577	10	001
3578	01	101
3579	10	100
3580	01	111
3581	10	000
3582	01	000
3583	01	111
3584	01	101
3585	10	000
3586	10	111
3587	10	000
3588	01	110
3589	01	000
3590	01	111
3591	10	110
3592	10	111
3593	10	111
3594	01	000
3595	10	111
3596	01	110
3597	10	000
3598	01	000
3599	01	000
3600	01	000
3601	01	000
3602	10	000
3603	01	110
3604	10	111
3605	01	101
16	10	010
3606	01	101
3607	10	101
3608	10	011
3609	01	111
3610	01	000
3611	01	101
3612	01	000
3613	10	000
3614	01	100
3615	10	111
3616	00	101
3617	10	111
3618	10	111
3619	01	111
3620	10	111
3621	01	111
3622	10	100
3623	01	111
3624	01	011
3625	01	000
3626	01	111
3627	00	111
3628	10	000
3629	10	000
3630	10	000
3631	01	000
3632	10	000
3633	10	000
15	01	010
3634	01	111
3635	01	111
3636	01	110
3637	01	000
3638	10	101
3639	10	000
3640	01	111
3641	01	000
3642	01	110
3643	10	000
3644	00	000
3645	00	000
3646	10	111
3647	01	101
3648	10	000
3649	01	111
3650	01	111
3651	10	000
3652	01	111
3653	01	001
3654	01	101
3655	01	000
3656	10	100
3657	01	111
3658	01	000
3659	01	101
3660	10	000
3661	10	101
3662	10	000
3663	01	000
3664	10	101
3665	10	100
3666	10	000
3667	01	111
3668	01	111
3669	10	101
3670	10	000
3671	01	110
3672	10	111
3673	01	111
3674	10	011
3675	10	111
3676	01	111
3677	10	000
3678	01	011
3679	01	111
3680	01	000
3681	10	110
3682	01	000
3683	10	111
3684	10	001
3685	10	000
3686	01	111
3687	01	110
3688	01	000
14	00	010
3689	00	000
3690	01	111
3691	01	111
3692	01	101
3693	01	111
3694	00	110
3695	01	111
3696	10	000
3697	01	111
3698	01	000
3699	10	101
3700	10	000
3701	01	000
3702	01	111
3703	01	000
3704	01	000
3705	10	101
3706	10	000
13	01	010
3707	10	000
3708	10	000
3709	10	111
3710	01	101
3711	01	000
3712	10	111
3713	10	100
3714	01	001
3715	01	110
3716	01	110
3717	01	000
3718	01	111
3719	10	000
3720	10	100
3721	00	000
3722	10	000
12	10	010
3723	10	100
3724	01	111
3725	01	000
3726	10	000
3727	10	000
3728	10	000
3729	10	000
3730	01	110
3731	10	110
3732	01	000
3733	01	000
3734	01	101
3735	01	111
3736	10	111
3737	10	000
3738	10	000
3739	01	000
3740	10	110
3741	10	000
3742	10	111
3743	01	111
3744	01	000
3745	01	111
3746	00	000
3747	10	111
3748	01	000
11	00	010
3749	01	000
3750	01	000
3751	01	111
3752	01	110
3753	10	111
3754	10	000
3755	00	001
3756	10	111
3757	10	100
3758	01	101
3759	01	101
3760	10	101
3761	01	000
3762	10	101
3763	01	000
3764	10	000
3765	01	000
3766	10	101
3767	01	111
3768	01	101
3769	10	111
3770	01	101
3771	00	000
3772	10	111
3773	10	000
3774	01	101
3775	01	000
3776	00	000
3777	01	111
3778	01	000
3779	01	000
10	10	010
3780	10	000
3781	10	111
3782	01	111
3783	10	000
3784	10	000
3785	01	000
3786	01	101
3787	10	111
3788	10	101
3789	01	000
3790	01	111
3791	01	100
3792	01	111
3793	01	100
3794	10	111
3795	01	000
3796	01	111
3797	01	000
9	01	010
3798	10	100
3799	10	000
3800	01	000
3801	10	000
3802	10	000
3803	01	101
3804	01	000
3805	01	111
3806	01	000
3807	10	101
3808	01	111
3809	01	111
3810	01	111
3811	01	101
3812	01	000
3813	01	000
3814	01	001
3815	01	111
3816	10	000
3817	01	110
3818	01	101
3819	01	111
3820	00	101
3821	01	000
3822	10	001
3823	10	000
3824	10	000
3825	10	000
3826	01	110
3827	01	101
3828	01	101
3829	01	110
3830	01	000
3831	01	000
3832	10	111
3833	10	000
3834	01	111
3835	01	101
3836	01	101
3837	01	111
3838	10	111
3839	00	000
3840	01	000
3841	01	111
3842	01	101
3843	00	000
3844	10	101
3845	10	000
3846	10	111
3847	01	111
3848	01	111
3849	10	111
3850	01	000
3851	01	111
3852	10	000
3853	10	101
3854	01	111
3855	10	100
3856	10	111
3857	01	001
3858	01	000
3859	10	000
3860	01	000
3861	01	000
3862	01	101
3863	01	101
3864	01	111
3865	01	100
3866	01	111
3867	10	101
8	01	010
3868	01	111
3869	10	111
3870	01	111
3871	10	111
3872	01	101
3873	01	011
3874	10	110
3875	10	011
3876	10	000
3877	01	111
3878	10	000
3879	01	001
3880	01	000
3881	10	111
3882	10	101
3883	01	100
3884	10	101
3885	10	111
3886	10	000
3887	01	101
3888	01	000
3889	01	111
3890	10	000
3891	10	100
3892	10	000
3893	10	110
3894	01	110
3895	01	111
7	01	010
6	01	010
3896	01	111
3897	01	000
3898	01	000
3899	01	111
3900	01	000
3901	01	111
3902	10	111
3903	01	000
3904	10	101
3905	10	111
3906	10	000
3907	01	111
3908	01	111
3909	10	000
3910	01	111
3911	01	000
3912	10	000
3913	00	000
3914	01	000
3915	01	101
3916	10	000
3917	01	101
3918	01	101
3919	01	101
3920	01	111
3921	01	000
3922	01	000
3923	01	000
3924	01	000
3925	01	000
3926	10	000
3927	10	000
3928	01	101
3929	10	000
3930	00	111
3931	10	111
3932	01	110
3933	01	000
5	01	010
3934	10	101
3935	01	110
3936	01	101
3937	10	000
3938	01	000
3939	00	111
4	01	010
3940	01	101
3941	10	000
3942	01	110
3943	01	000
3944	01	101
3945	10	000
3946	01	111
3947	01	110
3948	01	000
3949	01	111
3950	01	111
3951	10	000
3952	01	000
3953	10	000
3	01	010
3954	10	101
3955	10	000
3956	01	000
3957	01	111
3958	10	000
3959	01	000
3960	10	100
3961	01	000
3962	01	110
3963	01	000
3964	10	111
3965	01	000
3966	01	101
3967	10	101
3968	10	000
3969	01	111
3970	10	000
3971	01	000
3972	01	111
3973	01	000
3974	10	000
3975	10	000
3976	10	111
3977	01	000
3978	10	100
3979	10	111
3980	01	110
3981	01	000
3982	01	111
3983	01	111
3984	10	111
3985	01	111
3986	01	000
3987	01	000
3988	01	110
3989	01	111
3990	10	001
3991	01	000
3992	01	111
3993	10	101
2	01	010
3994	10	111
3995	01	101
3996	10	000
3997	01	000
3998	01	000
3999	01	000
4000	01	000
4001	01	111
4002	01	111
4003	00	101
4004	01	111
1	01	010
4005	01	111
4006	01	110
4007	01	101
4008	01	000
4009	01	000
4010	01	000
4011	01	111
4012	01	000
4013	10	000
4014	10	001
4015	01	110
4016	01	101
4017	01	001
4018	01	000
4019	10	101
4020	01	111
4021	00	111
4022	01	111
4023	10	001
4024	01	110
4025	10	111
4026	10	000
4027	01	000
4028	01	000
4029	01	111
4030	10	000
4031	01	111
0	01	010
4032	01	000
4033	10	000
4034	01	111
4035	10	101
4036	10	111
4037	01	111
4038	01	111
